00000000000000000000011100110111
00000001101101110000011100010011
00000000000000000000011110110111
00000010110101111000011110010011
00000000111000000010000000100011
00000000111100000010001000100011
00000000000000000010011100000011
00000000010000000010011110000011
00000000111101110100011001100011
00000000000001111000100000010011
00000000100000000000000001101111
00000000000001110000100000010011
00000000000000000000011010110111
00000000000101101000011010010011
00000010110110000100100001100011
00000011000001110110010100110011
00000011000001111110010110110011
00000000101101010110011000110011
00000000000001100000011001100011
11111111111110000000100000010011
11111110000111111111000001101111
00000001000000000010010000100011
00000000100000000010100000000011
00000011000001110100100010110011
00000010111110001000100010110011
00000001000100000010011000100011
00000000000000000000010100110111
00000000101001010000010100010011